Number of nets: 14
Temp	Prop-Cost	New-Cost
66.1371	-	38
66.1371	51	51
66.1371	57	57
66.1371	57	57
66.1371	62	62
66.1371	61	61
66.1371	66	66
66.1371	103	66
66.1371	66	66
66.1371	59	59
66.1371	53	53
66.1371	45	45
66.1371	46	46
66.1371	48	48
66.1371	63	48
66.1371	56	56
66.1371	68	68
66.1371	68	68
66.1371	68	68
66.1371	64	64
66.1371	64	64
66.1371	76	76
66.1371	79	79
66.1371	62	62
66.1371	64	64
66.1371	64	64
66.1371	64	64
66.1371	70	70
66.1371	67	67
66.1371	57	57
66.1371	57	57
66.1371	62	62
66.1371	72	62
59.5234	89	89
59.5234	81	81
59.5234	80	80
59.5234	70	70
59.5234	54	54
59.5234	70	70
59.5234	75	70
59.5234	78	78
59.5234	51	51
59.5234	54	54
59.5234	54	54
59.5234	56	56
59.5234	61	61
59.5234	61	61
59.5234	52	52
59.5234	58	58
59.5234	46	46
59.5234	58	58
59.5234	64	64
59.5234	77	77
59.5234	57	57
59.5234	64	64
59.5234	75	75
59.5234	53	53
59.5234	67	67
59.5234	72	67
59.5234	64	64
59.5234	56	56
59.5234	56	56
59.5234	52	52
59.5234	51	51
59.5234	51	51
53.571	60	60
53.571	62	62
53.571	51	51
53.571	52	52
53.571	46	46
53.571	52	52
53.571	68	52
53.571	66	66
53.571	76	76
53.571	58	58
53.571	57	57
53.571	55	55
53.571	48	48
53.571	51	51
53.571	53	53
53.571	63	63
53.571	64	64
53.571	64	64
53.571	61	61
53.571	59	59
53.571	59	59
53.571	55	55
53.571	57	57
53.571	55	55
53.571	73	73
53.571	73	73
53.571	75	75
53.571	73	73
53.571	64	64
53.571	55	55
53.571	55	55
53.571	55	55
48.2139	49	49
48.2139	47	47
48.2139	38	38
48.2139	38	38
48.2139	44	44
48.2139	38	38
48.2139	43	43
48.2139	39	39
48.2139	40	39
48.2139	48	48
48.2139	68	48
48.2139	57	57
48.2139	58	58
48.2139	59	59
48.2139	62	62
48.2139	51	51
48.2139	81	81
48.2139	87	87
48.2139	95	95
48.2139	93	93
48.2139	93	93
48.2139	55	55
48.2139	93	55
48.2139	52	52
48.2139	52	52
48.2139	70	70
48.2139	62	62
48.2139	70	62
48.2139	56	56
48.2139	58	58
48.2139	60	60
48.2139	58	58
45.8032	48	48
45.8032	46	46
45.8032	45	45
45.8032	45	45
45.8032	52	52
45.8032	58	58
45.8032	58	58
45.8032	44	44
45.8032	40	40
45.8032	40	40
45.8032	47	47
45.8032	49	49
45.8032	65	65
45.8032	55	55
45.8032	55	55
45.8032	55	55
45.8032	56	56
45.8032	57	57
45.8032	57	57
45.8032	62	62
45.8032	62	62
45.8032	57	57
45.8032	77	77
45.8032	57	57
45.8032	56	56
45.8032	56	56
45.8032	62	62
45.8032	58	58
45.8032	70	70
45.8032	57	57
45.8032	67	67
45.8032	65	65
41.2229	52	52
41.2229	58	58
41.2229	58	58
41.2229	51	51
41.2229	65	65
41.2229	73	65
41.2229	62	62
41.2229	51	51
41.2229	51	51
41.2229	50	50
41.2229	61	61
41.2229	58	58
41.2229	67	67
41.2229	55	55
41.2229	53	53
41.2229	58	58
41.2229	58	58
41.2229	44	44
41.2229	48	48
41.2229	50	50
41.2229	57	50
41.2229	57	57
41.2229	48	48
41.2229	52	52
41.2229	53	53
41.2229	48	48
41.2229	49	49
41.2229	59	59
41.2229	60	60
41.2229	60	60
41.2229	59	59
41.2229	52	52
37.1006	60	60
37.1006	54	54
37.1006	51	51
37.1006	49	49
37.1006	49	49
37.1006	51	51
37.1006	46	46
37.1006	45	45
37.1006	47	47
37.1006	50	50
37.1006	50	50
37.1006	41	41
37.1006	40	40
37.1006	37	37
37.1006	49	49
37.1006	43	43
37.1006	43	43
37.1006	47	47
37.1006	48	48
37.1006	65	65
37.1006	63	63
37.1006	77	77
37.1006	92	92
37.1006	67	67
37.1006	62	62
37.1006	68	62
37.1006	55	55
37.1006	49	49
37.1006	55	55
37.1006	54	54
37.1006	70	70
37.1006	63	63
33.3906	72	63
33.3906	67	63
33.3906	64	64
33.3906	59	59
33.3906	50	50
33.3906	57	57
33.3906	67	57
33.3906	57	57
33.3906	69	69
33.3906	67	67
33.3906	55	55
33.3906	56	56
33.3906	68	68
33.3906	65	65
33.3906	65	65
33.3906	67	67
33.3906	65	65
33.3906	93	65
33.3906	45	45
33.3906	61	45
33.3906	46	46
33.3906	63	46
33.3906	60	60
33.3906	56	56
33.3906	56	56
33.3906	60	60
33.3906	72	72
33.3906	58	58
33.3906	46	46
33.3906	46	46
33.3906	43	43
33.3906	43	43
31.721	39	39
31.721	42	42
31.721	36	36
31.721	42	42
31.721	51	42
31.721	43	43
31.721	54	43
31.721	47	43
31.721	44	44
31.721	46	46
31.721	37	37
31.721	43	43
31.721	47	47
31.721	51	51
31.721	59	59
31.721	57	57
31.721	53	53
31.721	49	49
31.721	52	52
31.721	52	52
31.721	52	52
31.721	52	52
31.721	46	46
31.721	46	46
31.721	55	55
31.721	51	51
31.721	49	49
31.721	46	46
31.721	48	48
31.721	56	48
31.721	62	48
31.721	48	48
30.135	47	47
30.135	61	61
30.135	72	61
30.135	77	77
30.135	71	71
30.135	64	64
30.135	59	59
30.135	57	57
30.135	59	59
30.135	53	53
30.135	46	46
30.135	43	43
30.135	40	40
30.135	44	44
30.135	59	59
30.135	54	54
30.135	57	57
30.135	66	66
30.135	60	60
30.135	48	48
30.135	56	56
30.135	59	59
30.135	55	55
30.135	55	55
30.135	53	53
30.135	54	54
30.135	56	56
30.135	63	63
30.135	61	61
30.135	57	57
30.135	53	53
30.135	43	43
27.1215	43	43
27.1215	47	47
27.1215	47	47
27.1215	46	46
27.1215	46	46
27.1215	46	46
27.1215	49	49
27.1215	60	49
27.1215	57	57
27.1215	49	49
27.1215	68	68
27.1215	52	52
27.1215	54	54
27.1215	54	54
27.1215	53	53
27.1215	51	51
27.1215	63	63
27.1215	61	61
27.1215	65	65
27.1215	57	57
27.1215	55	55
27.1215	51	51
27.1215	43	43
27.1215	66	66
27.1215	71	71
27.1215	72	72
27.1215	69	69
27.1215	53	53
27.1215	60	60
27.1215	60	60
27.1215	56	56
27.1215	51	51
24.4093	51	51
24.4093	50	50
24.4093	64	50
24.4093	53	53
24.4093	57	53
24.4093	54	53
24.4093	54	53
24.4093	53	53
24.4093	46	46
24.4093	46	46
24.4093	53	46
24.4093	47	46
24.4093	62	62
24.4093	56	56
24.4093	76	76
24.4093	63	63
24.4093	57	57
24.4093	57	57
24.4093	59	59
24.4093	63	63
24.4093	60	60
24.4093	58	58
24.4093	54	54
24.4093	64	54
24.4093	62	54
24.4093	64	64
24.4093	75	64
24.4093	65	65
24.4093	48	48
24.4093	53	48
24.4093	48	48
24.4093	44	44
23.1889	52	52
23.1889	49	49
23.1889	52	52
23.1889	52	52
23.1889	57	57
23.1889	39	39
23.1889	49	49
23.1889	49	49
23.1889	49	49
23.1889	59	59
23.1889	59	59
23.1889	51	51
23.1889	51	51
23.1889	39	39
23.1889	33	33
23.1889	34	34
23.1889	46	46
23.1889	41	41
23.1889	36	36
23.1889	46	46
23.1889	44	44
23.1889	40	40
23.1889	48	48
23.1889	47	47
23.1889	47	47
23.1889	50	47
23.1889	48	48
23.1889	58	58
23.1889	58	58
23.1889	62	62
23.1889	49	49
23.1889	55	49
20.87	52	52
20.87	52	52
20.87	48	48
20.87	44	44
20.87	50	50
20.87	60	60
20.87	46	46
20.87	54	54
20.87	43	43
20.87	51	51
20.87	49	49
20.87	51	49
20.87	61	49
20.87	67	67
20.87	70	67
20.87	65	65
20.87	60	60
20.87	54	54
20.87	54	54
20.87	54	54
20.87	44	44
20.87	47	47
20.87	46	46
20.87	66	46
20.87	43	43
20.87	50	50
20.87	53	50
20.87	47	47
20.87	53	53
20.87	64	53
20.87	39	39
20.87	43	43
19.8265	43	43
19.8265	48	48
19.8265	47	47
19.8265	54	54
19.8265	48	48
19.8265	50	50
19.8265	61	50
19.8265	54	50
19.8265	57	57
19.8265	63	63
19.8265	63	63
19.8265	60	60
19.8265	94	60
19.8265	52	52
19.8265	43	43
19.8265	54	54
19.8265	54	54
19.8265	46	46
19.8265	40	40
19.8265	48	48
19.8265	48	48
19.8265	54	54
19.8265	62	62
19.8265	54	54
19.8265	53	53
19.8265	49	49
19.8265	42	42
19.8265	42	42
19.8265	34	34
19.8265	35	35
19.8265	39	39
19.8265	35	35
18.8352	43	35
18.8352	38	38
18.8352	41	41
18.8352	55	41
18.8352	45	45
18.8352	47	47
18.8352	41	41
18.8352	43	43
18.8352	54	54
18.8352	68	68
18.8352	52	52
18.8352	45	45
18.8352	44	44
18.8352	44	44
18.8352	56	56
18.8352	73	56
18.8352	62	62
18.8352	41	41
18.8352	45	41
18.8352	44	44
18.8352	43	43
18.8352	40	40
18.8352	48	48
18.8352	78	48
18.8352	47	47
18.8352	53	53
18.8352	47	47
18.8352	50	50
18.8352	65	50
18.8352	66	66
18.8352	57	57
18.8352	57	57
17.8934	57	57
17.8934	66	66
17.8934	68	68
17.8934	55	55
17.8934	53	53
17.8934	57	53
17.8934	56	56
17.8934	56	56
17.8934	64	64
17.8934	76	64
17.8934	61	61
17.8934	65	65
17.8934	66	66
17.8934	40	40
17.8934	45	45
17.8934	53	53
17.8934	60	60
17.8934	55	55
17.8934	58	58
17.8934	58	58
17.8934	49	49
17.8934	49	49
17.8934	43	43
17.8934	43	43
17.8934	53	43
17.8934	53	43
17.8934	49	43
17.8934	48	43
17.8934	42	42
17.8934	46	46
17.8934	63	46
17.8934	53	46
16.9987	59	46
16.9987	59	59
16.9987	46	46
16.9987	45	45
16.9987	58	45
16.9987	41	41
16.9987	41	41
16.9987	44	44
16.9987	44	44
16.9987	37	37
16.9987	37	37
16.9987	41	41
16.9987	41	41
16.9987	41	41
16.9987	44	44
16.9987	43	43
16.9987	46	46
16.9987	50	50
16.9987	46	46
16.9987	47	47
16.9987	49	49
16.9987	50	50
16.9987	48	48
16.9987	48	48
16.9987	48	48
16.9987	48	48
16.9987	43	43
16.9987	40	40
16.9987	37	37
16.9987	47	47
16.9987	35	35
16.9987	41	35
15.2989	45	35
15.2989	37	37
15.2989	47	37
15.2989	42	42
15.2989	43	43
15.2989	39	39
15.2989	48	39
15.2989	49	49
15.2989	37	37
15.2989	41	41
15.2989	40	40
15.2989	47	40
15.2989	52	52
15.2989	46	46
15.2989	42	42
15.2989	39	39
15.2989	41	41
15.2989	43	43
15.2989	44	44
15.2989	47	47
15.2989	43	43
15.2989	42	42
15.2989	43	43
15.2989	44	44
15.2989	41	41
15.2989	52	52
15.2989	55	55
15.2989	57	57
15.2989	58	57
15.2989	58	57
15.2989	57	57
15.2989	53	53
14.5339	64	64
14.5339	57	57
14.5339	58	58
14.5339	67	67
14.5339	56	56
14.5339	56	56
14.5339	56	56
14.5339	58	58
14.5339	47	47
14.5339	55	55
14.5339	57	57
14.5339	58	58
14.5339	51	51
14.5339	55	55
14.5339	53	53
14.5339	57	57
14.5339	61	61
14.5339	62	61
14.5339	58	58
14.5339	58	58
14.5339	58	58
14.5339	52	52
14.5339	60	60
14.5339	58	58
14.5339	64	64
14.5339	64	64
14.5339	58	58
14.5339	51	51
14.5339	51	51
14.5339	51	51
14.5339	48	48
14.5339	52	52
13.0805	50	50
13.0805	55	50
13.0805	54	50
13.0805	71	50
13.0805	49	49
13.0805	46	46
13.0805	53	46
13.0805	62	46
13.0805	46	46
13.0805	51	51
13.0805	53	51
13.0805	41	41
13.0805	43	43
13.0805	51	51
13.0805	54	54
13.0805	50	50
13.0805	55	50
13.0805	52	52
13.0805	52	52
13.0805	52	52
13.0805	44	44
13.0805	38	38
13.0805	52	38
13.0805	62	38
13.0805	44	44
13.0805	67	67
13.0805	55	55
13.0805	64	55
13.0805	55	55
13.0805	55	55
13.0805	58	55
13.0805	40	40
12.4265	56	56
12.4265	55	55
12.4265	65	55
12.4265	48	48
12.4265	43	43
12.4265	39	39
12.4265	59	39
12.4265	43	43
12.4265	47	43
12.4265	43	43
12.4265	47	47
12.4265	49	49
12.4265	47	47
12.4265	57	47
12.4265	59	47
12.4265	56	47
12.4265	45	45
12.4265	56	56
12.4265	52	52
12.4265	66	52
12.4265	44	44
12.4265	42	42
12.4265	49	49
12.4265	43	43
12.4265	55	43
12.4265	43	43
12.4265	42	42
12.4265	35	35
12.4265	48	48
12.4265	48	48
12.4265	49	49
12.4265	41	41
11.8052	45	45
11.8052	50	50
11.8052	44	44
11.8052	44	44
11.8052	47	44
11.8052	42	42
11.8052	45	42
11.8052	40	40
11.8052	45	45
11.8052	52	52
11.8052	53	53
11.8052	53	53
11.8052	74	74
11.8052	68	68
11.8052	55	55
11.8052	55	55
11.8052	65	55
11.8052	55	55
11.8052	55	55
11.8052	68	68
11.8052	67	67
11.8052	59	59
11.8052	70	70
11.8052	61	61
11.8052	54	54
11.8052	48	48
11.8052	51	51
11.8052	53	53
11.8052	53	53
11.8052	62	62
11.8052	62	62
11.8052	53	53
10.6247	57	57
10.6247	55	55
10.6247	49	49
10.6247	62	49
10.6247	43	43
10.6247	55	43
10.6247	58	58
10.6247	58	58
10.6247	60	60
10.6247	63	63
10.6247	66	66
10.6247	60	60
10.6247	52	52
10.6247	52	52
10.6247	58	58
10.6247	62	62
10.6247	62	62
10.6247	56	56
10.6247	58	58
10.6247	56	56
10.6247	70	56
10.6247	60	60
10.6247	59	59
10.6247	57	57
10.6247	60	60
10.6247	55	55
10.6247	53	53
10.6247	56	56
10.6247	51	51
10.6247	54	54
10.6247	58	58
10.6247	71	58
10.0934	57	57
10.0934	46	46
10.0934	50	46
10.0934	52	46
10.0934	53	46
10.0934	46	46
10.0934	46	46
10.0934	44	44
10.0934	44	44
10.0934	45	45
10.0934	45	45
10.0934	45	45
10.0934	43	43
10.0934	41	41
10.0934	45	45
10.0934	46	46
10.0934	48	48
10.0934	54	48
10.0934	70	48
10.0934	41	41
10.0934	40	40
10.0934	45	45
10.0934	53	53
10.0934	62	62
10.0934	65	62
10.0934	56	56
10.0934	51	51
10.0934	67	51
10.0934	43	43
10.0934	33	33
10.0934	45	33
10.0934	36	36
9.58875	42	36
9.58875	40	40
9.58875	57	40
9.58875	46	46
9.58875	47	47
9.58875	58	47
9.58875	47	47
9.58875	50	50
9.58875	54	54
9.58875	66	54
9.58875	54	54
9.58875	65	54
9.58875	47	47
9.58875	46	46
9.58875	48	48
9.58875	42	42
9.58875	50	50
9.58875	51	51
9.58875	44	44
9.58875	46	46
9.58875	64	46
9.58875	41	41
9.58875	46	41
9.58875	42	42
9.58875	42	42
9.58875	56	42
9.58875	43	43
9.58875	46	46
9.58875	48	48
9.58875	42	42
9.58875	46	46
9.58875	48	48
9.10931	57	48
9.10931	50	50
9.10931	53	53
9.10931	65	65
9.10931	55	55
9.10931	50	50
9.10931	57	57
9.10931	60	60
9.10931	58	58
9.10931	50	50
9.10931	55	55
9.10931	50	50
9.10931	66	50
9.10931	50	50
9.10931	65	50
9.10931	50	50
9.10931	54	50
9.10931	52	52
9.10931	52	52
9.10931	42	42
9.10931	36	36
9.10931	38	36
9.10931	48	36
9.10931	41	41
9.10931	49	41
9.10931	40	40
9.10931	40	40
9.10931	39	39
9.10931	43	43
9.10931	49	49
9.10931	47	47
9.10931	49	49
8.65385	72	49
8.65385	50	50
8.65385	70	50
8.65385	50	50
8.65385	51	51
8.65385	49	49
8.65385	55	55
8.65385	55	55
8.65385	56	56
8.65385	50	50
8.65385	54	50
8.65385	54	54
8.65385	55	55
8.65385	70	55
8.65385	53	53
8.65385	50	50
8.65385	54	54
8.65385	54	54
8.65385	52	52
8.65385	66	66
8.65385	62	62
8.65385	74	62
8.65385	64	64
8.65385	45	45
8.65385	43	43
8.65385	50	50
8.65385	44	44
8.65385	47	47
8.65385	50	50
8.65385	54	50
8.65385	50	50
8.65385	41	41
8.22116	41	41
8.22116	45	45
8.22116	45	45
8.22116	39	39
8.22116	39	39
8.22116	42	42
8.22116	46	46
8.22116	45	45
8.22116	45	45
8.22116	46	45
8.22116	56	45
8.22116	45	45
8.22116	54	54
8.22116	55	54
8.22116	50	50
8.22116	59	59
8.22116	59	59
8.22116	59	59
8.22116	62	59
8.22116	50	50
8.22116	54	54
8.22116	53	53
8.22116	50	50
8.22116	47	47
8.22116	56	56
8.22116	53	53
8.22116	55	55
8.22116	55	55
8.22116	50	50
8.22116	50	50
8.22116	58	50
8.22116	54	50
7.8101	56	50
7.8101	46	46
7.8101	48	48
7.8101	48	48
7.8101	52	48
7.8101	50	50
7.8101	50	50
7.8101	48	48
7.8101	40	40
7.8101	40	40
7.8101	40	40
7.8101	44	44
7.8101	44	44
7.8101	58	44
7.8101	42	42
7.8101	53	42
7.8101	44	44
7.8101	51	51
7.8101	49	49
7.8101	49	49
7.8101	53	49
7.8101	72	49
7.8101	45	45
7.8101	49	49
7.8101	51	51
7.8101	57	57
7.8101	52	52
7.8101	49	49
7.8101	50	50
7.8101	56	50
7.8101	55	55
7.8101	57	57
7.41959	53	53
7.41959	48	48
7.41959	41	41
7.41959	45	45
7.41959	45	45
7.41959	49	49
7.41959	45	45
7.41959	48	48
7.41959	48	48
7.41959	44	44
7.41959	55	44
7.41959	51	44
7.41959	52	44
7.41959	56	56
7.41959	64	56
7.41959	55	55
7.41959	58	58
7.41959	52	52
7.41959	48	48
7.41959	43	43
7.41959	46	46
7.41959	52	52
7.41959	52	52
7.41959	52	52
7.41959	53	53
7.41959	59	53
7.41959	53	53
7.41959	55	55
7.41959	57	57
7.41959	61	61
7.41959	71	71
7.41959	71	71
7.04861	61	61
7.04861	59	59
7.04861	69	59
7.04861	64	59
7.04861	59	59
7.04861	76	59
7.04861	55	55
7.04861	55	55
7.04861	60	55
7.04861	49	49
7.04861	61	61
7.04861	68	68
7.04861	60	60
7.04861	55	55
7.04861	53	53
7.04861	48	48
7.04861	50	50
7.04861	65	50
7.04861	35	35
7.04861	35	35
7.04861	39	35
7.04861	41	35
7.04861	35	35
7.04861	39	35
7.04861	43	43
7.04861	48	43
7.04861	37	37
7.04861	46	46
7.04861	60	46
7.04861	40	40
7.04861	40	40
7.04861	41	41
6.69618	45	45
6.69618	46	46
6.69618	48	48
6.69618	52	52
6.69618	56	56
6.69618	61	56
6.69618	52	52
6.69618	46	46
6.69618	44	44
6.69618	51	51
6.69618	51	51
6.69618	53	53
6.69618	54	53
6.69618	46	46
6.69618	44	44
6.69618	64	44
6.69618	57	44
6.69618	44	44
6.69618	60	44
6.69618	42	42
6.69618	49	42
6.69618	40	40
6.69618	39	39
6.69618	42	42
6.69618	41	41
6.69618	36	36
6.69618	36	36
6.69618	40	40
6.69618	36	36
6.69618	38	38
6.69618	48	38
6.69618	49	38
6.36137	55	38
6.36137	50	38
6.36137	43	38
6.36137	36	36
6.36137	36	36
6.36137	42	36
6.36137	48	36
6.36137	36	36
6.36137	41	36
6.36137	48	48
6.36137	58	48
6.36137	44	44
6.36137	62	44
6.36137	46	46
6.36137	41	41
6.36137	42	41
6.36137	48	48
6.36137	59	48
6.36137	55	48
6.36137	43	43
6.36137	47	47
6.36137	45	45
6.36137	43	43
6.36137	48	48
6.36137	43	43
6.36137	56	43
6.36137	48	48
6.36137	57	48
6.36137	50	50
6.36137	70	50
6.36137	45	45
6.36137	40	40
6.0433	48	48
6.0433	63	63
6.0433	57	57
6.0433	57	57
6.0433	60	57
6.0433	61	57
6.0433	64	57
6.0433	54	54
6.0433	44	44
6.0433	43	43
6.0433	51	51
6.0433	54	54
6.0433	56	56
6.0433	58	56
6.0433	62	56
6.0433	54	54
6.0433	53	53
6.0433	53	53
6.0433	45	45
6.0433	60	45
6.0433	55	45
6.0433	45	45
6.0433	45	45
6.0433	67	45
6.0433	47	45
6.0433	48	48
6.0433	42	42
6.0433	53	53
6.0433	66	66
6.0433	56	56
6.0433	50	50
6.0433	50	50
5.74114	54	50
5.74114	53	53
5.74114	53	53
5.74114	45	45
5.74114	55	45
5.74114	45	45
5.74114	42	42
5.74114	47	42
5.74114	34	34
5.74114	36	36
5.74114	41	41
5.74114	47	41
5.74114	44	44
5.74114	50	50
5.74114	51	51
5.74114	48	48
5.74114	48	48
5.74114	47	47
5.74114	47	47
5.74114	53	53
5.74114	55	55
5.74114	45	45
5.74114	48	48
5.74114	52	48
5.74114	49	49
5.74114	51	49
5.74114	49	49
5.74114	46	46
5.74114	51	46
5.74114	46	46
5.74114	46	46
5.74114	39	39
5.45408	40	40
5.45408	40	40
5.45408	48	40
5.45408	40	40
5.45408	41	41
5.45408	40	40
5.45408	48	40
5.45408	43	43
5.45408	55	43
5.45408	51	43
5.45408	39	39
5.45408	56	39
5.45408	43	43
5.45408	46	46
5.45408	51	46
5.45408	48	48
5.45408	44	44
5.45408	46	46
5.45408	48	48
5.45408	64	48
5.45408	48	48
5.45408	57	48
5.45408	52	48
5.45408	48	48
5.45408	49	49
5.45408	56	49
5.45408	51	49
5.45408	49	49
5.45408	46	46
5.45408	53	46
5.45408	42	42
5.45408	59	42
5.18138	46	46
5.18138	43	43
5.18138	46	46
5.18138	47	46
5.18138	46	46
5.18138	46	46
5.18138	45	45
5.18138	54	45
5.18138	48	45
5.18138	51	45
5.18138	44	44
5.18138	50	50
5.18138	44	44
5.18138	44	44
5.18138	45	45
5.18138	52	45
5.18138	47	47
5.18138	44	44
5.18138	44	44
5.18138	44	44
5.18138	35	35
5.18138	46	35
5.18138	35	35
5.18138	46	35
5.18138	33	33
5.18138	37	33
5.18138	33	33
5.18138	39	33
5.18138	38	38
5.18138	54	38
5.18138	35	35
5.18138	34	34
4.92231	42	34
4.92231	42	42
4.92231	42	42
4.92231	43	43
4.92231	48	48
4.92231	48	48
4.92231	55	48
4.92231	48	48
4.92231	53	48
4.92231	58	48
4.92231	44	44
4.92231	52	52
4.92231	54	54
4.92231	54	54
4.92231	54	54
4.92231	68	54
4.92231	58	54
4.92231	42	42
4.92231	42	42
4.92231	47	42
4.92231	52	42
4.92231	39	39
4.92231	47	39
4.92231	42	42
4.92231	42	42
4.92231	44	44
4.92231	43	43
4.92231	46	46
4.92231	58	46
4.92231	56	46
4.92231	47	47
4.92231	61	47
4.67619	49	49
4.67619	48	48
4.67619	41	41
4.67619	38	38
4.67619	48	38
4.67619	40	40
4.67619	40	40
4.67619	54	40
4.67619	37	37
4.67619	39	39
4.67619	43	39
4.67619	43	43
4.67619	40	40
4.67619	48	40
4.67619	54	54
4.67619	54	54
4.67619	52	52
4.67619	51	51
4.67619	45	45
4.67619	40	40
4.67619	44	40
4.67619	49	40
4.67619	40	40
4.67619	45	45
4.67619	43	43
4.67619	33	33
4.67619	35	33
4.67619	35	35
4.67619	38	35
4.67619	50	35
4.67619	48	35
4.67619	55	35
4.44238	38	38
4.44238	37	37
4.44238	41	41
4.44238	49	41
4.44238	64	41
4.44238	47	41
4.44238	47	41
4.44238	59	41
4.44238	53	41
4.44238	47	41
4.44238	38	38
4.44238	47	38
4.44238	37	37
4.44238	49	37
4.44238	45	37
4.44238	45	37
4.44238	35	35
4.44238	41	35
4.44238	42	35
4.44238	38	38
4.44238	42	38
4.44238	35	35
4.44238	41	35
4.44238	46	35
4.44238	40	40
4.44238	38	38
4.44238	49	49
4.44238	50	49
4.44238	44	44
4.44238	33	33
4.44238	59	33
4.44238	59	33
4.22027	33	33
4.22027	50	33
4.22027	39	33
4.22027	46	33
4.22027	43	33
4.22027	32	32
4.22027	38	38
4.22027	40	40
4.22027	40	40
4.22027	55	40
4.22027	48	40
4.22027	38	38
4.22027	48	48
4.22027	52	48
4.22027	48	48
4.22027	56	56
4.22027	56	56
4.22027	50	50
4.22027	68	50
4.22027	44	44
4.22027	51	44
4.22027	49	44
4.22027	49	44
4.22027	46	46
4.22027	50	46
4.22027	59	46
4.22027	50	46
4.22027	42	42
4.22027	40	40
4.22027	51	51
4.22027	56	51
4.22027	51	51
4.00925	44	44
4.00925	50	44
4.00925	45	45
4.00925	49	49
4.00925	54	49
4.00925	47	47
4.00925	49	49
4.00925	45	45
4.00925	45	45
4.00925	49	45
4.00925	52	45
4.00925	41	41
4.00925	47	41
4.00925	49	41
4.00925	52	41
4.00925	45	41
4.00925	41	41
4.00925	45	41
4.00925	37	37
4.00925	37	37
4.00925	40	40
4.00925	49	40
4.00925	52	52
4.00925	42	42
4.00925	43	43
4.00925	53	43
4.00925	44	44
4.00925	41	41
4.00925	42	41
4.00925	52	41
4.00925	35	35
4.00925	38	35
3.80879	35	35
3.80879	36	36
3.80879	54	36
3.80879	41	41
3.80879	48	48
3.80879	46	46
3.80879	45	45
3.80879	43	43
3.80879	51	51
3.80879	55	51
3.80879	41	41
3.80879	39	39
3.80879	44	39
3.80879	48	48
3.80879	39	39
3.80879	37	37
3.80879	37	37
3.80879	47	37
3.80879	36	36
3.80879	45	36
3.80879	43	36
3.80879	49	36
3.80879	33	33
3.80879	43	33
3.80879	39	33
3.80879	41	33
3.80879	36	36
3.80879	43	43
3.80879	42	42
3.80879	42	42
3.80879	44	44
3.80879	56	44
3.61835	42	42
3.61835	52	52
3.61835	50	50
3.61835	47	47
3.61835	47	47
3.61835	56	47
3.61835	51	47
3.61835	72	47
3.61835	49	47
3.61835	71	47
3.61835	51	51
3.61835	55	51
3.61835	51	51
3.61835	68	51
3.61835	51	51
3.61835	46	46
3.61835	42	42
3.61835	47	42
3.61835	55	42
3.61835	42	42
3.61835	44	42
3.61835	42	42
3.61835	39	39
3.61835	47	39
3.61835	43	39
3.61835	43	39
3.61835	39	39
3.61835	43	39
3.61835	43	43
3.61835	37	37
3.61835	42	37
3.61835	48	37
3.43743	40	37
3.43743	52	37
3.43743	40	37
3.43743	40	40
3.43743	60	40
3.43743	37	37
3.43743	42	37
3.43743	39	37
3.43743	42	42
3.43743	42	42
3.43743	61	42
3.43743	36	36
3.43743	35	35
3.43743	41	35
3.43743	35	35
3.43743	46	35
3.43743	60	35
3.43743	35	35
3.43743	48	35
3.43743	41	35
3.43743	65	35
3.43743	55	35
3.43743	35	35
3.43743	39	35
3.43743	41	35
3.43743	43	35
3.43743	33	33
3.43743	31	31
3.43743	31	31
3.43743	33	33
3.43743	44	33
3.43743	40	33
3.26556	33	33
3.26556	35	35
3.26556	39	35
3.26556	39	35
3.26556	38	38
3.26556	40	40
3.26556	48	40
3.26556	40	40
3.26556	39	39
3.26556	39	39
3.26556	39	39
3.26556	39	39
3.26556	35	35
3.26556	45	35
3.26556	45	35
3.26556	37	35
3.26556	41	35
3.26556	41	35
3.26556	41	35
3.26556	33	33
3.26556	39	33
3.26556	41	33
3.26556	28	28
3.26556	30	30
3.26556	35	30
3.26556	30	30
3.26556	52	30
3.26556	38	30
3.26556	41	30
3.26556	42	30
3.26556	43	30
3.26556	30	30
3.10228	38	38
3.10228	46	38
3.10228	41	38
3.10228	44	44
3.10228	46	44
3.10228	59	44
3.10228	50	44
3.10228	47	47
3.10228	43	43
3.10228	53	43
3.10228	41	41
3.10228	49	41
3.10228	46	41
3.10228	50	41
3.10228	40	40
3.10228	47	40
3.10228	45	40
3.10228	47	40
3.10228	49	40
3.10228	46	40
3.10228	40	40
3.10228	42	40
3.10228	50	40
3.10228	40	40
3.10228	47	40
3.10228	43	40
3.10228	39	39
3.10228	40	40
3.10228	48	40
3.10228	39	39
3.10228	41	41
3.10228	52	41
2.94717	42	42
2.94717	42	42
2.94717	42	42
2.94717	52	42
2.94717	39	39
2.94717	48	39
2.94717	53	39
2.94717	38	38
2.94717	48	38
2.94717	36	36
2.94717	38	38
2.94717	39	39
2.94717	49	39
2.94717	41	41
2.94717	41	41
2.94717	39	39
2.94717	45	45
2.94717	61	45
2.94717	44	44
2.94717	49	44
2.94717	44	44
2.94717	46	44
2.94717	45	45
2.94717	46	46
2.94717	62	46
2.94717	48	48
2.94717	36	36
2.94717	41	41
2.94717	34	34
2.94717	40	34
2.94717	34	34
2.94717	34	34
2.79981	36	34
2.79981	32	32
2.79981	37	32
2.79981	28	28
2.79981	44	28
2.79981	44	28
2.79981	38	28
2.79981	38	28
2.79981	47	28
2.79981	32	32
2.79981	36	36
2.79981	44	36
2.79981	41	36
2.79981	34	34
2.79981	39	34
2.79981	34	34
2.79981	34	34
2.79981	40	34
2.79981	50	34
2.79981	42	34
2.79981	38	34
2.79981	34	34
2.79981	34	34
2.79981	48	34
2.79981	37	34
2.79981	42	34
2.79981	34	34
2.79981	36	34
2.79981	38	38
2.79981	34	34
2.79981	38	34
2.79981	36	34
2.65982	46	34
2.65982	39	34
2.65982	38	38
2.65982	42	42
2.65982	44	42
2.65982	30	30
2.65982	36	30
2.65982	34	30
2.65982	32	32
2.65982	48	32
2.65982	34	34
2.65982	34	34
2.65982	42	34
2.65982	37	37
2.65982	44	37
2.65982	48	37
2.65982	45	37
2.65982	47	37
2.65982	43	37
2.65982	45	37
2.65982	38	38
2.65982	40	40
2.65982	44	40
2.65982	38	38
2.65982	39	39
2.65982	40	40
2.65982	42	40
2.65982	44	40
2.65982	44	40
2.65982	40	40
2.65982	40	40
2.65982	48	40
2.52683	50	40
2.52683	40	40
2.52683	41	41
2.52683	49	41
2.52683	43	41
2.52683	53	41
2.52683	38	38
2.52683	45	38
2.52683	54	38
2.52683	38	38
2.52683	52	38
2.52683	36	36
2.52683	43	36
2.52683	40	36
2.52683	46	36
2.52683	38	36
2.52683	36	36
2.52683	44	36
2.52683	40	36
2.52683	36	36
2.52683	49	36
2.52683	40	36
2.52683	36	36
2.52683	40	36
2.52683	40	36
2.52683	32	32
2.52683	32	32
2.52683	46	32
2.52683	33	33
2.52683	33	33
2.52683	41	33
2.52683	36	33
2.40049	36	33
2.40049	39	33
2.40049	39	33
2.40049	27	27
2.40049	30	27
2.40049	27	27
2.40049	30	27
2.40049	30	27
2.40049	35	27
2.40049	35	27
2.40049	46	27
2.40049	27	27
2.40049	30	27
2.40049	31	27
2.40049	35	27
2.40049	34	27
2.40049	32	27
2.40049	30	30
2.40049	33	30
2.40049	32	32
2.40049	35	32
2.40049	32	32
2.40049	30	30
2.40049	35	30
2.40049	39	30
2.40049	35	30
2.40049	47	30
2.40049	39	30
2.40049	34	30
2.40049	40	30
2.40049	30	30
2.40049	35	30
2.28046	30	30
2.28046	30	30
2.28046	39	30
2.28046	40	30
2.28046	41	30
2.28046	42	30
2.28046	32	32
2.28046	34	34
2.28046	42	34
2.28046	36	34
2.28046	38	34
2.28046	45	34
2.28046	30	30
2.28046	40	30
2.28046	46	30
2.28046	35	30
2.28046	40	30
2.28046	46	30
2.28046	46	30
2.28046	34	34
2.28046	30	30
2.28046	34	30
2.28046	38	30
2.28046	38	30
2.28046	38	30
2.28046	32	32
2.28046	48	32
2.28046	49	32
2.28046	40	32
2.28046	54	32
2.28046	59	32
2.28046	45	32
2.16644	36	32
2.16644	29	29
2.16644	41	29
2.16644	39	29
2.16644	42	29
2.16644	34	29
2.16644	39	29
2.16644	35	29
2.16644	32	32
2.16644	34	32
2.16644	42	32
2.16644	44	32
2.16644	48	32
2.16644	35	32
2.16644	32	32
2.16644	44	32
2.16644	32	32
2.16644	38	38
2.16644	54	38
2.16644	46	38
2.16644	38	38
2.16644	38	38
2.16644	38	38
2.16644	46	38
2.16644	40	38
2.16644	44	38
2.16644	38	38
2.16644	42	38
2.16644	38	38
2.16644	45	38
2.16644	38	38
2.16644	40	38
2.05812	34	34
2.05812	36	34
2.05812	41	34
2.05812	33	33
2.05812	49	33
2.05812	44	33
2.05812	44	33
2.05812	44	33
2.05812	33	33
2.05812	39	33
2.05812	33	33
2.05812	45	33
2.05812	37	33
2.05812	44	33
2.05812	37	33
2.05812	33	33
2.05812	32	32
2.05812	33	33
2.05812	38	33
2.05812	36	33
2.05812	40	33
2.05812	33	33
2.05812	41	33
2.05812	38	33
2.05812	47	33
2.05812	41	33
2.05812	33	33
2.05812	33	33
2.05812	33	33
2.05812	44	33
2.05812	38	33
2.05812	30	30
1.95521	38	30
1.95521	30	30
1.95521	45	30
1.95521	45	30
1.95521	43	30
1.95521	35	30
1.95521	32	30
1.95521	34	30
1.95521	38	30
1.95521	49	30
1.95521	43	30
1.95521	37	30
1.95521	49	30
1.95521	45	30
1.95521	38	30
1.95521	33	33
1.95521	42	33
1.95521	32	32
1.95521	48	32
1.95521	32	32
1.95521	65	32
1.95521	48	32
1.95521	49	32
1.95521	37	32
1.95521	42	32
1.95521	34	32
1.95521	42	32
1.95521	30	30
1.95521	28	28
1.95521	30	30
1.95521	34	30
1.95521	27	27
1.56417	38	27
1.56417	36	27
1.56417	45	27
1.56417	27	27
1.56417	40	27
1.56417	34	27
1.56417	27	27
1.56417	37	27
1.56417	45	27
1.56417	34	27
1.56417	34	27
1.56417	35	27
1.56417	30	27
1.56417	42	27
1.56417	39	27
1.56417	49	27
1.56417	35	27
1.56417	35	27
1.56417	27	27
1.56417	36	27
1.56417	35	27
1.56417	29	27
1.56417	37	27
1.56417	36	27
1.56417	33	27
1.56417	45	27
1.56417	29	27
1.56417	36	27
1.56417	37	27
1.56417	29	27
1.56417	29	29
1.56417	38	29
1.25134	37	29
1.25134	39	29
1.25134	29	29
1.25134	35	29
1.25134	29	29
1.25134	33	29
1.25134	49	29
1.25134	45	29
1.25134	45	29
1.25134	36	29
1.25134	37	29
1.25134	32	29
1.25134	41	29
1.25134	37	29
1.25134	43	29
1.25134	29	29
1.25134	29	29
1.25134	43	29
1.25134	41	29
1.25134	45	29
1.25134	39	29
1.25134	29	29
1.25134	40	29
1.25134	49	29
1.25134	34	29
1.25134	49	29
1.25134	37	29
1.25134	36	29
1.25134	40	29
1.25134	30	29
1.25134	29	29
1.25134	41	29
1.18877	34	29
1.18877	37	29
1.18877	40	29
1.18877	38	29
1.18877	42	29
1.18877	41	29
1.18877	36	29
1.18877	30	30
1.18877	28	28
1.18877	43	28
1.18877	50	28
1.18877	46	28
1.18877	28	28
1.18877	32	28
1.18877	35	28
1.18877	29	28
1.18877	44	28
1.18877	34	28
1.18877	38	28
1.18877	38	28
1.18877	29	29
1.18877	37	29
1.18877	29	29
1.18877	39	29
1.18877	33	29
1.18877	29	29
1.18877	35	29
1.18877	40	29
1.18877	35	29
1.18877	32	29
1.18877	28	28
1.18877	40	28
1.12933	31	28
1.12933	40	28
1.12933	31	28
1.12933	32	28
1.12933	36	28
1.12933	38	28
1.12933	37	28
1.12933	39	28
1.12933	34	28
1.12933	32	28
1.12933	30	28
1.12933	36	28
1.12933	38	28
1.12933	31	28
1.12933	30	28
1.12933	30	28
1.12933	30	28
1.12933	29	28
1.12933	44	28
1.12933	39	28
1.12933	42	28
1.12933	31	28
1.12933	41	28
1.12933	33	28
1.12933	28	28
1.12933	36	28
1.12933	39	28
1.12933	41	28
1.12933	39	28
1.12933	36	28
1.12933	42	28
1.12933	30	28
0.903464	30	28
0.903464	41	28
0.903464	36	28
0.903464	43	28
0.903464	40	28
0.903464	30	28
0.903464	34	28
0.903464	31	28
0.903464	30	28
0.903464	52	28
0.903464	31	28
0.903464	31	28
0.903464	43	28
0.903464	28	28
0.903464	36	28
0.903464	38	28
0.903464	40	28
0.903464	31	28
0.903464	31	28
0.903464	33	28
0.903464	36	28
0.903464	30	28
0.903464	30	28
0.903464	30	28
0.903464	40	28
0.903464	33	28
0.903464	44	28
0.903464	31	28
0.903464	42	28
0.903464	28	28
0.903464	44	28
0.903464	34	28
0.722771	29	28
0.722771	34	28
0.722771	28	28
0.722771	42	28
0.722771	36	28
0.722771	31	28
0.722771	29	28
0.722771	40	28
0.722771	39	28
0.722771	29	28
0.722771	32	28
0.722771	34	28
0.722771	34	28
0.722771	28	28
0.722771	33	28
0.722771	34	28
0.722771	34	28
0.722771	31	28
0.722771	36	28
0.722771	36	28
0.722771	31	28
0.722771	34	28
0.722771	36	28
0.722771	34	28
0.722771	30	28
0.722771	29	28
0.722771	27	27
0.722771	37	27
0.722771	27	27
0.722771	34	27
0.722771	35	27
0.722771	30	27
0.578217	35	27
0.578217	30	27
0.578217	39	27
0.578217	31	27
0.578217	36	27
0.578217	31	27
0.578217	41	27
0.578217	40	27
0.578217	30	27
0.578217	31	27
0.578217	33	27
0.578217	39	27
0.578217	28	27
0.578217	33	27
0.578217	34	27
0.578217	30	27
0.578217	34	27
0.578217	42	27
0.578217	34	27
0.578217	34	27
0.578217	27	27
0.578217	42	27
0.578217	37	27
0.578217	31	27
0.578217	29	27
0.578217	33	27
0.578217	39	27
0.578217	36	27
0.578217	41	27
0.578217	40	27
0.578217	27	27
0.578217	55	27
0.462574	39	27
0.462574	41	27
0.462574	27	27
0.462574	40	27
0.462574	34	27
0.462574	27	27
0.462574	27	27
0.462574	37	27
0.462574	35	27
0.462574	29	27
0.462574	34	27
0.462574	37	27
0.462574	31	27
0.462574	28	28
0.462574	39	28
0.462574	37	28
0.462574	28	28
0.462574	45	28
0.462574	35	28
0.462574	44	28
0.462574	36	28
0.462574	36	28
0.462574	38	28
0.462574	39	28
0.462574	27	27
0.462574	35	27
0.462574	35	27
0.462574	46	27
0.462574	32	27
0.462574	28	27
0.462574	28	28
0.462574	31	28
0.439445	28	28
0.439445	35	28
0.439445	38	28
0.439445	36	28
0.439445	31	28
0.439445	31	28
0.439445	44	28
0.439445	31	28
0.439445	31	28
0.439445	44	28
0.439445	33	28
0.439445	52	28
0.439445	36	28
0.439445	28	28
0.439445	31	28
0.439445	42	28
0.439445	28	28
0.439445	40	28
0.439445	41	28
0.439445	44	28
0.439445	38	28
0.439445	41	28
0.439445	28	28
0.439445	33	28
0.439445	31	28
0.439445	28	28
0.439445	33	28
0.439445	42	28
0.439445	36	28
0.439445	36	28
0.439445	39	28
0.439445	34	28
0.417473	39	28
0.417473	34	28
0.417473	44	28
0.417473	39	28
0.417473	42	28
0.417473	29	28
0.417473	33	28
0.417473	40	28
0.417473	36	28
0.417473	34	28
0.417473	36	28
0.417473	34	28
0.417473	32	28
0.417473	30	28
0.417473	40	28
0.417473	33	28
0.417473	42	28
0.417473	37	28
0.417473	40	28
0.417473	25	25
0.417473	39	25
0.417473	42	25
0.417473	30	25
0.417473	37	25
0.417473	27	25
0.417473	29	25
0.417473	34	25
0.417473	28	25
0.417473	41	25
0.417473	27	25
0.417473	41	25
0.417473	28	25
0.333978	40	25
0.333978	34	25
0.333978	25	25
0.333978	42	25
0.333978	39	25
0.333978	35	25
0.333978	33	25
0.333978	37	25
0.333978	25	25
0.333978	37	25
0.333978	33	25
0.333978	31	25
0.333978	25	25
0.333978	31	25
0.333978	25	25
0.333978	42	25
0.333978	37	25
0.333978	28	25
0.333978	25	25
0.333978	33	25
0.333978	37	25
0.333978	37	25
0.333978	27	25
0.333978	37	25
0.333978	43	25
0.333978	30	25
0.333978	41	25
0.333978	34	25
0.333978	37	25
0.333978	25	25
0.333978	29	25
0.333978	43	25
0.317279	37	25
0.317279	31	25
0.317279	40	25
0.317279	44	25
0.317279	30	25
0.317279	35	25
0.317279	37	25
0.317279	31	25
0.317279	28	25
0.317279	32	25
0.317279	37	25
0.317279	43	25
0.317279	31	25
0.317279	27	25
0.317279	34	25
0.317279	43	25
0.317279	28	25
0.317279	36	25
0.317279	31	25
0.317279	27	25
0.317279	28	25
0.317279	28	25
0.317279	44	25
0.317279	42	25
0.317279	28	25
0.317279	32	25
0.317279	42	25
0.317279	32	25
0.317279	36	25
0.317279	39	25
0.317279	28	25
0.317279	37	25
0.253823	42	25
0.253823	28	25
0.253823	31	25
0.253823	41	25
0.253823	28	25
0.253823	32	25
0.253823	33	25
0.253823	27	25
0.253823	28	25
0.253823	30	25
0.253823	27	25
0.253823	33	25
0.253823	42	25
0.253823	28	25
0.253823	35	25
0.253823	25	25
0.253823	33	25
0.253823	42	25
0.253823	30	25
0.253823	35	25
0.253823	36	25
0.253823	33	25
0.253823	33	25
0.253823	25	25
0.253823	35	25
0.253823	35	25
0.253823	32	25
0.253823	32	25
0.253823	29	25
0.253823	38	25
0.253823	27	25
0.253823	37	25
0.203059	32	25
0.203059	44	25
0.203059	36	25
0.203059	32	25
0.203059	31	25
0.203059	27	25
0.203059	34	25
0.203059	25	25
0.203059	38	25
0.203059	40	25
0.203059	28	25
0.203059	39	25
0.203059	34	25
0.203059	34	25
0.203059	41	25
0.203059	37	25
0.203059	40	25
0.203059	33	25
0.203059	37	25
0.203059	34	25
0.203059	30	25
0.203059	31	25
0.203059	36	25
0.203059	34	25
0.203059	43	25
0.203059	28	25
0.203059	30	25
0.203059	28	25
0.203059	25	25
0.203059	37	25
0.203059	29	25
0.203059	37	25
0.162447	28	25
0.162447	30	25
0.162447	36	25
0.162447	28	25
0.162447	28	25
0.162447	40	25
0.162447	25	25
0.162447	29	25
0.162447	40	25
0.162447	42	25
0.162447	33	25
0.162447	39	25
0.162447	42	25
0.162447	41	25
0.162447	33	25
0.162447	27	25
0.162447	28	25
0.162447	27	25
0.162447	27	25
0.162447	27	25
0.162447	37	25
0.162447	35	25
0.162447	36	25
0.162447	33	25
0.162447	43	25
0.162447	32	25
0.162447	35	25
0.162447	37	25
0.162447	31	25
0.162447	37	25
0.162447	33	25
0.162447	25	25
0.129958	30	25
0.129958	41	25
0.129958	37	25
0.129958	43	25
0.129958	37	25
0.129958	39	25
0.129958	40	25
0.129958	38	25
0.129958	25	25
0.129958	38	25
0.129958	40	25
0.129958	40	25
0.129958	28	25
0.129958	37	25
0.129958	40	25
0.129958	37	25
0.129958	28	25
0.129958	25	25
0.129958	43	25
0.129958	31	25
0.129958	30	25
0.129958	49	25
0.129958	35	25
0.129958	37	25
0.129958	25	25
0.129958	42	25
0.129958	28	25
0.129958	30	25
0.129958	38	25
0.129958	33	25
0.129958	30	25
0.129958	27	25
0.103966	30	25
0.103966	31	25
0.103966	40	25
0.103966	25	25
0.103966	25	25
0.103966	27	25
0.103966	41	25
0.103966	34	25
0.103966	40	25
0.103966	40	25
0.103966	33	25
0.103966	30	25
0.103966	27	25
0.103966	27	25
0.103966	41	25
0.103966	37	25
0.103966	27	25
0.103966	31	25
0.103966	40	25
0.103966	37	25
0.103966	34	25
0.103966	33	25
0.103966	33	25
0.103966	28	25
0.103966	36	25
0.103966	27	25
0.103966	39	25
0.103966	25	25
0.103966	29	25
0.103966	28	25
0.103966	30	25
0.103966	27	25
0.0831729	37	25
0.0831729	25	25
0.0831729	40	25
0.0831729	30	25
0.0831729	32	25
0.0831729	35	25
0.0831729	42	25
0.0831729	32	25
0.0831729	40	25
0.0831729	43	25
0.0831729	38	25
0.0831729	28	25
0.0831729	25	25
0.0831729	36	25
0.0831729	33	25
0.0831729	25	25
0.0831729	44	25
0.0831729	40	25
0.0831729	39	25
0.0831729	30	25
0.0831729	33	25
0.0831729	27	25
0.0831729	28	25
0.0831729	28	25
0.0831729	28	25
0.0831729	39	25
0.0831729	27	25
0.0831729	28	25
0.0831729	33	25
0.0831729	36	25
0.0831729	28	25
0.0831729	40	25
0.0665383	34	25
0.0665383	25	25
0.0665383	40	25
0.0665383	49	25
0.0665383	28	25
0.0665383	37	25
0.0665383	30	25
0.0665383	34	25
0.0665383	25	25
0.0665383	29	25
0.0665383	38	25
0.0665383	33	25
0.0665383	34	25
0.0665383	30	25
0.0665383	42	25
0.0665383	32	25
0.0665383	37	25
0.0665383	28	25
0.0665383	33	25
0.0665383	33	25
0.0665383	40	25
0.0665383	28	25
0.0665383	49	25
0.0665383	30	25
0.0665383	43	25
0.0665383	38	25
0.0665383	25	25
0.0665383	36	25
0.0665383	33	25
0.0665383	30	25
0.0665383	35	25
0.0665383	28	25
0.0532306	38	25
0.0532306	44	25
0.0532306	33	25
0.0532306	37	25
0.0532306	27	25
0.0532306	36	25
0.0532306	37	25
0.0532306	38	25
0.0532306	31	25
0.0532306	40	25
0.0532306	29	25
0.0532306	37	25
0.0532306	40	25
0.0532306	33	25
0.0532306	37	25
0.0532306	33	25
0.0532306	36	25
0.0532306	28	25
0.0532306	43	25
0.0532306	30	25
0.0532306	41	25
0.0532306	27	25
0.0532306	30	25
0.0532306	30	25
0.0532306	32	25
0.0532306	28	25
0.0532306	43	25
0.0532306	27	25
0.0532306	37	25
0.0532306	27	25
0.0532306	40	25
0.0532306	29	25
0.0425845	30	25
0.0425845	33	25
0.0425845	42	25
0.0425845	27	25
0.0425845	33	25
0.0425845	27	25
0.0425845	35	25
0.0425845	33	25
0.0425845	37	25
0.0425845	37	25
0.0425845	33	25
0.0425845	30	25
0.0425845	37	25
0.0425845	28	25
0.0425845	25	25
0.0425845	38	25
0.0425845	34	25
0.0425845	42	25
0.0425845	39	25
0.0425845	37	25
0.0425845	37	25
0.0425845	35	25
0.0425845	40	25
0.0425845	37	25
0.0425845	30	25
0.0425845	40	25
0.0425845	26	25
0.0425845	43	25
0.0425845	33	25
0.0425845	40	25
0.0425845	30	25
0.0425845	32	25
0.0340676	34	25
0.0340676	42	25
0.0340676	39	25
0.0340676	33	25
0.0340676	31	25
0.0340676	25	25
0.0340676	40	25
0.0340676	37	25
0.0340676	33	25
0.0340676	37	25
0.0340676	33	25
0.0340676	28	25
0.0340676	29	25
0.0340676	43	25
0.0340676	43	25
0.0340676	30	25
0.0340676	36	25
0.0340676	25	25
0.0340676	36	25
0.0340676	40	25
0.0340676	25	25
0.0340676	30	25
0.0340676	39	25
0.0340676	35	25
0.0340676	25	25
0.0340676	31	25
0.0340676	37	25
0.0340676	40	25
0.0340676	34	25
0.0340676	30	25
0.0340676	36	25
0.0340676	43	25
0.0272541	36	25
0.0272541	42	25
0.0272541	27	25
0.0272541	39	25
0.0272541	31	25
0.0272541	28	25
0.0272541	25	25
0.0272541	41	25
0.0272541	34	25
0.0272541	43	25
0.0272541	36	25
0.0272541	30	25
0.0272541	29	25
0.0272541	38	25
0.0272541	36	25
0.0272541	29	25
0.0272541	37	25
0.0272541	41	25
0.0272541	36	25
0.0272541	27	25
0.0272541	40	25
0.0272541	33	25
0.0272541	34	25
0.0272541	40	25
0.0272541	40	25
0.0272541	25	25
0.0272541	29	25
0.0272541	39	25
0.0272541	33	25
0.0272541	29	25
0.0272541	39	25
0.0272541	38	25
0.0218033	30	25
0.0218033	37	25
0.0218033	37	25
0.0218033	25	25
0.0218033	31	25
0.0218033	42	25
0.0218033	42	25
0.0218033	31	25
0.0218033	40	25
0.0218033	29	25
0.0218033	40	25
0.0218033	30	25
0.0218033	40	25
0.0218033	35	25
0.0218033	37	25
0.0218033	32	25
0.0218033	43	25
0.0218033	25	25
0.0218033	25	25
0.0218033	27	25
0.0218033	37	25
0.0218033	27	25
0.0218033	32	25
0.0218033	30	25
0.0218033	29	25
0.0218033	37	25
0.0218033	32	25
0.0218033	39	25
0.0218033	41	25
0.0218033	37	25
0.0218033	30	25
0.0218033	28	25
0.0174426	33	25
0.0174426	26	25
0.0174426	31	25
0.0174426	29	25
0.0174426	39	25
0.0174426	33	25
0.0174426	35	25
0.0174426	28	25
0.0174426	37	25
0.0174426	40	25
0.0174426	36	25
0.0174426	28	25
0.0174426	49	25
0.0174426	25	25
0.0174426	37	25
0.0174426	33	25
0.0174426	32	25
0.0174426	33	25
0.0174426	44	25
0.0174426	43	25
0.0174426	25	25
0.0174426	40	25
0.0174426	43	25
0.0174426	49	25
0.0174426	37	25
0.0174426	29	25
0.0174426	31	25
0.0174426	33	25
0.0174426	42	25
0.0174426	41	25
0.0174426	40	25
0.0174426	25	25
0.0139541	40	25
0.0139541	31	25
0.0139541	33	25
0.0139541	37	25
0.0139541	43	25
0.0139541	30	25
0.0139541	33	25
0.0139541	38	25
0.0139541	37	25
0.0139541	30	25
0.0139541	27	25
0.0139541	44	25
0.0139541	30	25
0.0139541	37	25
0.0139541	31	25
0.0139541	33	25
0.0139541	43	25
0.0139541	34	25
0.0139541	28	25
0.0139541	28	25
0.0139541	26	25
0.0139541	28	25
0.0139541	37	25
0.0139541	40	25
0.0139541	35	25
0.0139541	30	25
0.0139541	25	25
0.0139541	33	25
0.0139541	40	25
0.0139541	25	25
0.0139541	27	25
0.0139541	35	25
0.0111633	43	25
0.0111633	32	25
0.0111633	28	25
0.0111633	41	25
0.0111633	38	25
0.0111633	25	25
0.0111633	33	25
0.0111633	25	25
0.0111633	37	25
0.0111633	31	25
0.0111633	33	25
0.0111633	25	25
0.0111633	28	25
0.0111633	39	25
0.0111633	30	25
0.0111633	37	25
0.0111633	37	25
0.0111633	28	25
0.0111633	26	25
0.0111633	33	25
0.0111633	28	25
0.0111633	27	25
0.0111633	25	25
0.0111633	28	25
0.0111633	40	25
0.0111633	29	25
0.0111633	42	25
0.0111633	35	25
0.0111633	31	25
0.0111633	31	25
0.0111633	35	25
0.0111633	33	25
0.00893062	25	25
0.00893062	37	25
0.00893062	25	25
0.00893062	32	25
0.00893062	35	25
0.00893062	33	25
0.00893062	37	25
0.00893062	27	25
0.00893062	25	25
0.00893062	40	25
0.00893062	30	25
0.00893062	32	25
0.00893062	29	25
0.00893062	25	25
0.00893062	28	25
0.00893062	30	25
0.00893062	28	25
0.00893062	33	25
0.00893062	37	25
0.00893062	42	25
0.00893062	28	25
0.00893062	28	25
0.00893062	31	25
0.00893062	40	25
0.00893062	37	25
0.00893062	36	25
0.00893062	29	25
0.00893062	25	25
0.00893062	25	25
0.00893062	30	25
0.00893062	40	25
0.00893062	44	25

********* FINAL PLACEMENT *********
ethernet -> 7
icmp -> 9
ipv4 -> 10
ipv6 -> 6
out -> 4
tcp -> 1
udp -> 5
vlan -> 11
